octave-3.0.3:9> ones(3)-eye(3)
ans =

   0   1   1
   1   0   1
   1   1   0

