#
# Dodekaeder.m
#
# (c) 2015 Prof Dr Andreas Mueller, Hochschule Rapperswil
#
dodekaeder = [
	 1,  2;
	 1,  3;
	 1,  4;
	 2,  5;
	 2, 10;
	 3,  6;
	 3,  7;
	 4,  8;
	 4,  9;
	 5,  6;
	 5, 11;
	 6, 12;
	 7,  8;
	 7, 13;
	 8, 14;
	 9, 10;
	 9, 15;
	10, 16;
	11, 16;
	11, 17;
	12, 13;
	12, 17;
	13, 18;
	14, 15;
	14, 18;
	15, 19;
	16, 19;
	17, 20;
	18, 20;
	19, 20;
	 1,  2
];
