ikosaeder = [
	 1,  2;
	 1,  3;
	 1,  4;
	 1,  5;
	 1,  6;
	 2,  3;
	 2,  6;
	 2,  7;
	 2, 11;
	 3,  4;
	 3,  7;
	 3,  8;
	 4,  5;
	 4,  8;
	 4,  9;
	 5,  6;
	 5,  9;
	 5, 10;
	 6, 11;
	 7,  8;
	 7, 11;
	 7, 12;
	 8,  9;
	 8, 12;
	 9, 10;
	 9, 12;
	10, 11;
	10, 12;
	11, 12;
	 1,  2
];
