#
# Kubooktaeder.m
#
# (c) 2015 Prof Dr Andreas Mueller, Hochschule Rapperswil
#
kubooktaeder = [
	 1,  2;
	 1,  4;
	 1,  5;
	 1,  8;
	 2,  3;
	 2,  5;
	 2,  6;
	 3,  4;
	 3,  6;
	 3,  7;
	 4,  7;
	 4,  8;
	 5,  9;
	 5, 10;
	 6, 10;
	 6, 11;
	 7, 11;
	 7, 12;
	 8,  9;
	 8, 12;
	 9, 10;
	 9, 12;
	10, 11;
	11, 12;
];
