#
# rhombendodekaeder.m
#
# (c) 2015 Prof Dr Andreas Mueller, Hochschule Rapperswil
#
rhombendodekaeder = [
	 1,  2;
	 1,  3;
	 1,  4;
	 1,  5;
	 2,  6;
	 2,  9;
	 3,  6;
	 3,  7;
	 4,  7;
	 4,  8;
	 5,  8;
	 5,  9;
	 6, 10;
	 6, 11;
	 7, 11;
	 7, 12;
	 8, 12;
	 8, 13;
	 9, 10;
	 9, 13;
	10, 14;
	11, 14;
	12, 14;
	13, 14
];
