A = [
	   4,    6,   -4,   -1;
	   0,    0,   -6,    4;
	  -6,    8,   -7,    0;
	  -9,   -2,   -4,    9
];
A = [
	   8,    0,   -4,    5;
	  -4,    0,    5,   -4;
	   0,    7,   -1,   -7;
	  -1,    1,   -9,   -9
];
A = [
	  10,    9,    1,    3;
	   0,    2,   -8,   -3;
	   0,   -1,   -9,    7;
	   1,   -3,    0,    5
];
A = [
	   6,   -9,   -5,    0;
	   7,    4,   -4,    8;
	   2,   -8,    8,    7;
	  -2,    8,   -3,    0
];
