octave-3.0.3:8> eye(3)
ans =

   1   0   0
   0   1   0
   0   0   1

