octave-3.0.3:7> A=ones(3)
A =

   1   1   1
   1   1   1
   1   1   1
