octave:4> b=[2;2;2]
b =

   2
   2
   2

octave:5> q' * b
ans =

  -3.33333
   0.94281
   0.00000

