octave:1> A=[1,2;2,1;2,1]
A =

   1   2
   2   1
   2   1

octave:2> [q,r]=qr(A)
q =

  -0.33333   0.94281   0.00000
  -0.66667  -0.23570  -0.70711
  -0.66667  -0.23570   0.70711

r =

  -3.00000  -2.00000
   0.00000   1.41421
   0.00000   0.00000

