octave:1> A=[1,2;2,3;2,4]
A =

   1   2
   2   3
   2   4

octave:2> [q,r] = qr(A)
q =

  -3.3333e-01   2.9814e-01  -8.9443e-01
  -6.6667e-01  -7.4536e-01   1.6653e-16
  -6.6667e-01   5.9628e-01   4.4721e-01

r =

  -3.00000  -5.33333
   0.00000   0.74536
   0.00000   0.00000

