octave-3.0.3:14> A=[0,1,-1;0,1,1;-1,0,1]
A =

   0   1  -1
   0   1   1
  -1   0   1

octave-3.0.3:15> b=[2;4;2]
b =

   2
   4
   2

octave-3.0.3:16> A \ b
ans =

  -1
   3
   1
