octave-3.0.3:10> rref([1,1,-2,4,5;2,2,-3,1,3;3,3,-4,-2,1])
ans =

    1.00000    1.00000    0.00000  -10.00000   -9.00000
    0.00000    0.00000    1.00000   -7.00000   -7.00000
    0.00000    0.00000    0.00000    0.00000    0.00000

octave-3.0.3:11> rref([1,2,1,1;3,7,6,5;-2,-1,7,4])
ans =

   1.00000   0.00000  -5.00000  -3.00000
   0.00000   1.00000   3.00000   2.00000
   0.00000   0.00000   0.00000   0.00000

