R0 = [
     9.99992660750488E-01, 3.51397718674194E-03,  1.52656787933089E-03;
    -3.51391295532102E-03, 9.99993825187267E-01, -4.47557915424539E-05;
    -1.52671572389056E-03, 3.93912364202664E-05,  9.99998833793034E-01
]
R0 = [
     0.999992660750488, 3.51397718674194,  0.00152656787933089;
    -0.00351391295532102, 0.999993825187267, -0.0000447557915424539;
    -0.00152671572389056, 0.0000393912364202664,  0.999998833793034
]
R0 = [
     0.999992660750488, 0.003513977186741,  0.001526567879330;
    -0.003513912955321, 0.999993825187267, -0.000044755791542;
    -0.001526715723890, 0.000039391236420,  0.999998833793034
]

R1 = [
     9.99992309467425e-01, 3.59709279419470e-03,  1.56266741010833e-03;
    -3.59702234939935e-03, 9.99993529547546e-01, -4.78879859672003e-05;
    -1.56282955647241e-03, 4.22666680844215e-05,  9.99998777887906e-01
]

R2 = [
     9.99992309138471E-01, 3.59716971562317E-03,  1.56270084979915E-03;
    -3.59709928704538E-03, 9.99993529271332E-01, -4.78767648414833E-05;
    -1.56286295883453E-03, 4.22552065151983E-05,  9.99998777836188E-01
]
R2 = [
     0.999992309138471, 0.00359716971562317,  0.00156270084979915;
    -0.00359709928704538, 0.999993529271332, -0.0000478767648414833;
    -0.00156286295883453, 0.0000422552065151983,  9.99998777836188
]
R2 = [
     0.999992309138471, 0.003597169715623,  0.001562700849799;
    -0.003597099287045, 0.999993529271332, -0.000047876764841;
    -0.001562862958834, 0.000042255206515,  0.999998777836188
]

format long

A = R2 * R0^(-1)
trace(A)
trace(A)-1
(trace(A)-1)/2
alpha = acos((trace(A) - 1) / 2)
3600 * alpha * 180 / pi

[e, lambda] = eig(A)

asin(0.000090667119883)
